88.1842803955
0.3376908004
6.8980264664
95.3417510986
-6.9058613777
101.3588180542
-54.3580207825
0.6542336941
-0.9498515725
81.6235961914
-0.7091920972
-4.6881217957
21.3879032135
0.0030836540
-0.0000000104
100.5651168823
5.7249507904
-73.4769515991
-54.9811401367
-1.5322810411
4.5801634789
83.4298400879
-1.3593755960
7.4235520363
21.3879032135
-0.0030985933
-0.0000173769
10.1260719299
0.0498848557
0.0601131916
10.2400989532
0.0942170471
0.1209670082
9.9222679138
0.0950842798
0.1204023138
4.8938164711
0.9679670930
0.4865844548
-18.6176929474
-1.8094037771
1.1769155264
-11.5763511658
-78.7091598511
8.6190633774
-22.3104057312
40.7807121277
5.6706724167
-64.6588973999
-10.3043270111
2.1354277134
3.1943390369
-11.6951923370
16.7069835663
31.5159339905
75.6287231445
-21.8397388458
-15.5824499130
-37.5807571411
-6.3715996742
-64.5290069580
10.7881507874
-2.1680603027
1.0494738817
10.7465000153
-15.7012405396
