25.6035995483
17.0744857788
100.8146591187
119.5362319946
10.9141864777
135.5247192383
33.2743949890
3.2536644936
7.2854132652
13.8521080017
5.9275283813
9.2631521225
0.0664911196
0.0000097498
0.0000021496
115.3225936890
10.4508228302
154.3346099854
32.9164810181
3.9211483002
7.5476694107
14.1552457809
6.1928181648
9.2100906372
0.0664914623
0.0000110007
0.0000021570
3.4903805256
1.6732820272
1.7003920078
6.9894428253
3.3429508209
3.3958330154
6.9893260002
3.3413434029
3.3973820210
15.3098430634
10.8185939789
11.3111009598
15.0198802948
12.5118780136
16.6877403259
139.8065032959
5.2295680046
62.8259239197
31.0776405334
22.8007698059
37.2476234436
33.9703483582
8.2365503311
0.8645027280
17.0135974884
15.2932424545
32.2372322083
137.7980957031
5.3744840622
58.4208335876
31.5794887543
23.2365074158
34.1557312012
31.9305286407
8.1390447617
0.7899409533
15.7194528580
14.8961458206
24.6142520905
